1,1
2,6
3,4
4,4
5,4
6,6
7,6
8,6
9,6
10,6
11,1
12,4
13,1
14,6
15,1
16,1
17,4
18,1
19,1
20,6
21,6
22,6
23,6
24,4
25,6
26,4
27,4
28,3
29,6
30,4
31,6
32,3
33,4
34,4
35,1
36,1
37,1
38,1
39,1
40,6
41,6
42,6
43,1
44,6
45,6
46,4
47,1
48,1
49,4
50,1
51,6
52,6
53,6
54,3
55,4
56,6
57,4
58,3
59,6
60,4
61,6
62,3
63,4
64,4
65,1
66,2
67,6
68,1
69,3
70,3
71,3
72,6
73,4
74,3
75,1
76,5
77,1
78,4
79,1
80,1
81,3
82,3
83,1
84,4
85,5
86,2
87,2
88,3
89,6
90,3
91,3
92,1
93,1
94,1
95,3
96,2
97,3
98,6
99,4
100,1
101,4
102,3
103,1
104,1
105,1
106,4
107,6
108,4
109,3
110,4
111,2
112,3
113,4
114,6
115,3
116,3
117,2
118,3
119,1
120,6
121,1
122,4
123,3
124,3
125,4
126,3
127,1
128,5
129,6
130,1
131,4
132,3
133,4
134,1
135,2
136,1
137,1
138,4
139,4
140,4
141,3
142,3
143,1
144,1
145,1
146,3
147,4
148,6
149,1
150,4
151,3
152,1
153,1
154,1
155,4
156,4
157,1
158,1
159,1
160,1
161,4
162,4
163,1
164,1
165,1
166,6
167,3
168,4
169,3
170,1
171,1
172,1
173,1
174,1
175,1
176,6
177,6
178,1
179,1
180,3
181,3
182,6
183,3
184,4
185,6
186,1
187,3
188,4
189,1
190,4
191,3
192,1
193,3
194,3
195,4
196,4
197,1
198,1
199,4
200,4
201,1
202,1
203,3
204,4
205,4
206,1
207,6
208,4
209,6
210,1
211,3
212,3
213,4
214,3
215,1
216,4
217,6
218,1
219,3
220,4
221,3
222,4
223,4
224,1
225,3
226,3
227,4
228,3
229,6
230,3
231,6
232,6
233,3
234,1
235,1
236,1
237,1
238,1
239,1
240,1
241,1
242,1
243,1
244,3
245,1
246,3
247,3
248,3
249,3
250,1
251,6
252,1
253,1
254,4
255,3
256,4
257,4
258,3
259,1
260,4
261,3
262,4
263,3
264,3
265,6
266,4
267,4
268,1
269,3
270,6
271,1
272,4
273,1
274,4
275,1
276,4
277,1
278,1
279,1
280,6
281,1
282,1
283,5
284,4
285,4
286,3
287,4
288,6
289,4
290,6
291,6
292,4
293,4
294,4
295,1
296,1
297,1
298,3
299,3
300,4
301,1
302,3
303,3
304,3
305,4
306,3
307,6
308,3
309,3
310,1
311,4
312,3
313,1
314,1
315,1
316,6
317,1
318,4
319,3
320,3
321,5
322,1
323,6
324,1
325,3
326,6
327,6
328,3
329,6
330,6
331,4
332,4
333,4
334,3
335,4
336,1
337,4
338,4
339,1
340,6
341,6
342,1
343,3
344,1
345,6
346,6
347,1
348,3
349,6
350,4
351,6
352,1
353,3
354,4
355,4
356,6
357,3
358,3
359,4
360,3
361,4
362,6
363,6
364,1
365,6
366,3
367,1
368,6
369,1
370,1
371,3
372,6
373,6
374,6
375,4
376,4
377,6
378,3
379,4
380,4
381,6
382,4
383,6
384,4
385,4
386,6
387,6
388,4
389,4
390,6
391,6
392,6
393,3
394,6
395,6
396,1
397,3
398,4
399,3
400,1
401,6
402,6
403,6
404,6
405,6
406,1
407,3
408,4
409,4
410,4
411,4
412,1
413,1
414,4
415,6
416,1
417,4
418,1
419,1
420,3
421,1
422,4
423,4
424,1
425,3
426,1
427,4
428,6
429,4
430,6
431,3
432,1
433,4
434,3
435,4
436,6
437,1
438,6
439,6
440,4
441,1
442,5
443,4
444,1
445,1
446,1
447,1
448,1
449,3
450,4
451,1
452,4
453,4
454,3
455,4
456,4
457,4
458,4
459,1
460,6
461,4
462,3
463,3
464,6
465,4
466,1
467,1
468,1
469,4
470,6
471,1
472,1
473,1
474,1
475,1
476,4
477,1
478,6
479,3
480,3
481,3
482,1
483,3
484,4
485,4
486,4
487,1
488,1
489,6
490,3
491,1
492,4
493,4
494,4
495,1
496,3
497,4
498,3
499,6
500,6
501,4
502,4
503,3
504,1
505,1
506,6
507,1
508,3
509,1
510,1
511,1
512,4
513,1
514,1
515,6
516,1
517,4
518,1
519,6
520,1
521,6
522,3
523,1
524,4
525,4
526,1
527,4
528,1
529,3
530,4
531,4
532,3
533,3
534,4
535,3
536,6
537,1
538,1
539,6
540,4
541,3
542,6
543,4
544,6
545,3
546,1
547,4
548,4
549,3
550,4
551,1
552,4
553,4
554,4
555,1
556,4
557,6
558,3
559,6
560,6
561,6
562,6
563,1
564,6
565,6
566,3
567,4
568,6
569,1
570,1
571,4
572,6
573,3
574,1
575,1
576,3
577,1
578,1
579,1
580,1
581,1
582,4
583,6
584,4
585,3
586,6
587,1
588,4
589,6
590,3
591,1
592,4
593,3
594,1
595,1
596,4
597,6
598,3
599,3
600,4
601,1
602,3
603,1
604,4
605,6
606,6
607,6
608,6
609,6
610,1
611,4
612,6
613,4
614,4
615,6
616,1
617,3
618,1
619,1
620,1
621,1
622,1
623,6
624,4
625,6
626,6
627,4
628,4
629,3
630,6
631,1
632,4
633,6
634,6
635,3
636,1
637,6
638,3
639,1
640,3
641,3
642,3
643,3
644,3
645,1
646,6
647,6
648,4
649,1
650,1
651,2
652,1
653,3
654,3
655,4
656,6
657,1
658,6
659,6
660,4
661,4
662,3
663,6
664,6
665,4
666,6
667,4
668,3
669,3
670,6
671,3
672,3
673,4
674,1
675,2
676,6
677,4
678,4
679,1
680,3
681,6
682,1
683,4
684,4
685,1
686,1
687,4
688,4
689,4
690,3
691,3
692,6
693,1
694,1
695,3
696,4
697,6
698,4
699,6
700,3
701,3
702,4
703,1
704,4
705,1
706,4
707,4
708,1
709,4
710,3
711,6
712,4
713,1
714,6
715,6
716,6
717,6
718,3
719,4
720,3
721,1
722,3
723,3
724,1
725,1
726,3
727,1
728,6
729,1
730,1
731,3
732,4
733,1
734,6
735,3
736,3
737,3
738,1
739,3
740,1
741,6
742,6
743,4
744,6
745,1
746,3
747,6
748,3
749,4
750,3
751,3
752,3
753,3
754,6
755,3
756,4
757,6
758,6
759,1
760,1
761,1
762,6
763,3
764,6
765,6
766,1
767,1
768,1
769,1
770,6
771,1
772,1
773,1
774,3
775,6
776,1
777,6
778,3
779,3
780,1
781,4
782,1
783,3
784,3
785,6
786,3
787,6
788,1
789,2
790,4
791,6
792,6
793,4
794,3
795,4
796,3
797,3
798,4
799,4
800,6
801,6
802,6
803,3
804,5
805,1
806,1
807,2
808,3
809,6
810,3
811,6
812,6
813,3
814,3
815,6
816,1
817,1
818,2
819,1
820,1
821,3
822,1
823,1
824,3
825,6
826,6
827,6
828,3
829,3
830,3
831,3
832,6
833,4
834,1
835,3
836,4
837,3
838,6
839,3
840,6
841,4
842,3
843,4
844,3
845,3
846,3
847,3
848,6
849,6
850,3
851,6
852,3
853,1
854,1
855,4
856,1
857,4
858,4
859,6
860,3
861,1
862,4
863,1
864,6
865,6
866,4
867,6
868,1
869,6
870,3
871,6
872,4
873,6
874,4
875,6
876,4
877,6
878,4
879,1
880,6
881,6
882,6
883,6
884,6
885,6
886,6
887,1
888,6
889,6
890,6
891,4
892,3
893,6
894,1
895,6
896,3
897,6
898,3
899,4
900,1
901,6
902,3
903,6
904,1
905,4
906,1
907,6
908,6
909,6
910,3
911,1
912,6
913,3
914,6
915,6
916,3
917,6
918,1
919,6
920,4
921,6
922,3
923,4
924,1
925,1
926,3
927,3
928,6
929,1
930,4
931,4
932,4
933,4
934,1
935,1
936,1
937,1
938,4
939,1
940,1
941,1
942,4
943,4
944,4
945,3
946,3
947,4
948,6
949,3
950,1
951,3
952,1
953,3
954,6
955,4
956,6
957,3
958,4
959,6
960,4
961,3
962,4
963,4
964,3
965,1
966,6
967,6
968,1
969,3
970,1
971,6
972,6
973,1
974,1
975,1
976,4
977,4
978,6
979,4
980,6
981,6
982,6
983,4
984,6
985,3
986,4
987,6
988,6
989,6
990,3
991,4
992,6
993,4
994,1
995,3
996,1
997,3
998,4
999,4
1000,6
1001,6
1002,4
1003,6
1004,4
1005,1
1006,6
1007,6
1008,6
1009,4
1010,3
1011,6
1012,1
1013,6
1014,6
1015,1
1016,1
1017,3
1018,6
1019,6
1020,1
1021,1
1022,6
1023,6
1024,6
1025,4
1026,1
1027,4
1028,4
1029,1
1030,1
1031,4
1032,1
1033,6
1034,6
1035,6
1036,6
1037,6
1038,6
1039,1
1040,1
1041,1
1042,6
1043,6
1044,4
1045,6
1046,4
1047,4
1048,1
1049,6
1050,4
1051,6
1052,6
1053,6
1054,1
1055,1
1056,6
1057,3
1058,6
1059,6
1060,4
1061,6
1062,3
1063,4
1064,6
1065,6
1066,6
1067,6
1068,4
1069,4
1070,1
1071,6
1072,6
1073,4
1074,3
1075,6
1076,4
1077,6
1078,4
1079,4
1080,4
1081,4
1082,1
1083,1
1084,1
1085,4
1086,6
1087,6
1088,6
1089,1
1090,3
1091,1
1092,6
1093,4
1094,6
1095,4
1096,1
1097,1
1098,6
1099,6
1100,6
1101,6
1102,4
1103,3
1104,1
1105,1
1106,3
1107,3
1108,6
1109,1
1110,6
1111,3
1112,6
1113,4
1114,4
1115,1
1116,1
1117,3
1118,4
1119,6
1120,6
1121,1
1122,3
1123,6
1124,6
1125,4
1126,6
1127,6
1128,1
1129,1
1130,6
1131,4
1132,3
1133,1
1134,6
1135,3
1136,6
1137,3
1138,1
1139,1
1140,6
1141,6
1142,6
1143,4
1144,1
1145,1
1146,6
1147,6
1148,1
1149,4
1150,4
1151,4
1152,1
1153,1
1154,6
1155,6
1156,4
1157,4
1158,5
1159,6
1160,3
1161,3
1162,1
1163,4
1164,3
1165,3
1166,1
1167,1
1168,6
1169,1
1170,1
1171,1
1172,6
1173,4
1174,4
1175,1
1176,4
1177,4
1178,4
1179,4
1180,4
1181,4
1182,4
1183,1
1184,4
1185,4
1186,4
1187,6
1188,6
1189,6
1190,6
1191,1
1192,2
1193,4
1194,6
1195,3
1196,1
1197,1
1198,6
1199,6
1200,4
1201,1
1202,1
1203,6
1204,6
1205,4
1206,4
1207,4
1208,4
1209,4
1210,2
1211,1
1212,6
1213,6
1214,1
1215,1
1216,1
1217,3
1218,1
1219,1
1220,3
1221,4
1222,3
1223,1
1224,6
1225,4
1226,4
1227,6
1228,4
1229,4
1230,2
1231,6
1232,6
1233,6
1234,3
1235,6
1236,1
1237,6
1238,6
1239,4
1240,1
1241,1
1242,3
1243,3
1244,3
1245,3
1246,4
1247,4
1248,4
1249,4
1250,4
1251,4
1252,1
1253,1
1254,1
1255,3
1256,4
1257,1
1258,4
1259,1
1260,3
1261,6
1262,6
1263,1
1264,1
1265,3
1266,3
1267,6
1268,4
1269,3
1270,6
1271,4
1272,1
1273,1
1274,5
1275,6
1276,1
1277,3
1278,3
1279,5
1280,3
1281,4
1282,6
1283,3
1284,4
1285,4
1286,1
1287,3
1288,3
1289,6
1290,1
1291,4
1292,6
1293,1
1294,3
1295,4
1296,3
1297,6
1298,6
1299,3
1300,6
1301,3
1302,6
1303,4
1304,3
1305,2
1306,6
1307,3
1308,4
1309,3
1310,6
1311,3
1312,6
1313,4
1314,4
1315,1
1316,6
1317,3
1318,3
1319,6
1320,3
1321,3
1322,3
1323,1
1324,3
1325,1
1326,1
1327,4
1328,1
1329,1
1330,6
1331,4
1332,4
1333,4
1334,1
1335,1
1336,1
1337,1
1338,1
1339,1
1340,1
1341,3
1342,3
1343,3
1344,6
1345,3
1346,1
1347,1
1348,6
1349,1
1350,3
1351,3
1352,4
1353,6
1354,6
1355,4
1356,3
1357,3
1358,1
1359,6
1360,3
1361,6
1362,3
1363,4
1364,6
1365,1
1366,1
1367,4
1368,6
1369,3
1370,6
1371,6
1372,1
1373,3
1374,3
1375,3
1376,1
1377,3
1378,6
1379,4
1380,1
1381,6
1382,4
1383,4
1384,3
1385,6
1386,1
1387,6
1388,1
1389,1
1390,3
1391,6
1392,1
1393,6
1394,3
1395,4
1396,1
1397,1
1398,3
1399,4
1400,4
1401,4
1402,3
1403,1
1404,3
1405,1
1406,4
1407,3
1408,4
1409,6
1410,4
1411,6
1412,6
1413,4
1414,4
1415,6
1416,3
1417,6
1418,6
1419,3
1420,6
1421,3
1422,1
1423,1
1424,1
1425,3
1426,1
1427,3
1428,1
1429,6
1430,3
1431,6
1432,1
1433,4
1434,3
1435,3
1436,3
1437,1
1438,4
1439,3
1440,4
1441,1
1442,1
1443,1
1444,1
1445,1
1446,1
1447,1
1448,3
1449,3
1450,4
1451,3
1452,4
1453,6
1454,6
1455,1
1456,4
1457,1
1458,1
1459,6
1460,6
1461,4
1462,3
1463,6
1464,6
1465,4
1466,1
1467,4
1468,6
1469,1
1470,3
1471,1
1472,6
1473,6
1474,3
1475,6
1476,6
1477,6
1478,1
1479,1
1480,1
1481,4
1482,3
1483,1
1484,6
1485,6
1486,6
1487,4
1488,6
1489,1
1490,1
1491,1
1492,4
1493,1
1494,3
1495,6
1496,3
1497,3
1498,4
1499,4
1500,4
1501,3
1502,6
1503,4
1504,6
1505,3
1506,6
1507,6
1508,1
1509,4
1510,6
1511,1
1512,1
1513,6
1514,6
1515,6
1516,6
1517,1
1518,3
1519,1
1520,6
1521,1
1522,4
1523,4
1524,6
1525,6
1526,6
1527,3
1528,4
1529,1
1530,4
1531,4
1532,4
1533,3
1534,1
1535,6
1536,4
1537,3
1538,6
1539,3
1540,1
1541,1
1542,1
1543,3
1544,3
1545,3
1546,3
1547,1
1548,1
1549,6
1550,4
1551,4
1552,4
1553,6
1554,1
1555,3
1556,4
1557,1
1558,3
1559,6
1560,3
1561,6
1562,3
1563,4
1564,4
1565,1
1566,6
1567,6
1568,4
1569,6
1570,3
1571,3
1572,6
1573,6
1574,3
1575,3
1576,6
1577,3
1578,4
1579,3
1580,4
1581,4
1582,4
1583,1
1584,3
1585,1
1586,1
1587,4
1588,4
1589,1
1590,6
1591,1
1592,1
1593,4
1594,6
1595,1
1596,6
1597,1
1598,3
1599,1
1600,6
1601,3
1602,1
1603,1
1604,3
1605,1
1606,1
1607,3
1608,1
1609,6
1610,6
1611,6
1612,1
1613,3
1614,6
1615,6
1616,1
1617,3
1618,4
1619,4
1620,1
1621,1
1622,3
1623,1
1624,4
1625,4
1626,4
1627,6
1628,3
1629,6
1630,6
1631,1
1632,4
1633,1
1634,3
1635,1
1636,1
1637,3
1638,1
1639,4
1640,3
1641,4
1642,1
1643,4
1644,4
1645,1
1646,1
1647,4
1648,1
1649,1
1650,4
1651,3
1652,3
1653,4
1654,4
1655,6
1656,4
1657,1
1658,1
1659,1
1660,6
1661,4
1662,3
1663,3
1664,3
1665,1
1666,1
1667,3
1668,3
1669,1
1670,1
1671,6
1672,3
1673,3
1674,6
1675,3
1676,1
1677,6
1678,4
1679,6
1680,1
1681,4
1682,4
1683,1
1684,4
1685,4
1686,6
1687,6
1688,6
1689,6
1690,5
1691,1
1692,4
1693,4
1694,4
1695,1
1696,1
1697,4
1698,5
1699,4
1700,6
1701,6
1702,3
1703,4
1704,1
1705,1
1706,6
1707,1
1708,1
1709,1
1710,3
1711,6
1712,4
1713,1
1714,1
1715,6
1716,1
1717,1
1718,5
1719,6
1720,1
1721,4
1722,3
1723,1
1724,6
1725,6
1726,1
1727,6
1728,1
1729,6
1730,3
1731,6
1732,3
1733,6
1734,1
1735,4
1736,1
1737,1
1738,1
1739,4
1740,6
1741,4
1742,1
1743,1
1744,1
1745,6
1746,6
1747,1
1748,6
1749,6
1750,6
1751,3
1752,3
1753,1
1754,3
1755,3
1756,5
1757,6
1758,6
1759,6
1760,4
1761,4
1762,4
1763,3
1764,6
1765,1
1766,4
1767,1
1768,4
1769,6
1770,4
1771,4
1772,4
1773,4
1774,4
1775,1
1776,1
1777,4
1778,4
1779,4
1780,3
1781,1
1782,6
1783,1
1784,4
1785,1
1786,1
1787,1
1788,1
1789,1
1790,6
1791,1
1792,3
1793,6
1794,6
1795,1
1796,1
1797,6
1798,6
1799,3
1800,6
1801,3
1802,1
1803,4
1804,3
1805,6
1806,5
1807,1
1808,4
1809,6
1810,3
1811,3
1812,6
1813,6
1814,3
1815,1
1816,3
1817,1
1818,4
1819,4
1820,1
1821,1
1822,3
1823,3
1824,3
1825,6
1826,6
1827,6
1828,1
1829,6
1830,1
1831,1
1832,6
1833,3
1834,3
1835,4
1836,1
1837,3
1838,4
1839,4
1840,3
1841,6
1842,3
1843,4
1844,3
1845,6
1846,3
1847,5
1848,6
1849,3
1850,6
1851,1
1852,4
1853,6
1854,6
1855,3
1856,6
1857,4
1858,6
1859,3
1860,6
1861,4
1862,3
1863,3
1864,3
1865,4
1866,6
1867,1
1868,3
1869,6
1870,1
1871,4
1872,6
1873,4
1874,4
1875,1
1876,6
1877,1
1878,3
1879,3
1880,1
1881,3
1882,1
1883,1
1884,1
1885,3
1886,1
1887,3
1888,1
1889,6
1890,3
1891,3
1892,4
1893,6
1894,4
1895,1
1896,3
1897,4
1898,6
1899,6
1900,3
1901,1
1902,1
1903,1
1904,3
1905,1
1906,6
1907,3
1908,6
1909,1
1910,6
1911,3
1912,1
1913,1
1914,4
1915,4
1916,4
1917,1
1918,3
1919,3
1920,4
1921,6
1922,6
1923,3
1924,4
1925,6
1926,6
1927,6
1928,1
1929,6
1930,5
1931,5
1932,4
1933,4
1934,6
1935,6
1936,3
1937,3
1938,4
1939,3
1940,5
1941,5
1942,3
1943,3
1944,3
1945,6
1946,1
1947,4
1948,3
1949,4
1950,6
1951,4
1952,6
1953,6
1954,6
1955,4
1956,6
1957,6
1958,6
1959,3
1960,1
1961,1
1962,3
1963,1
1964,4
1965,3
1966,1
1967,6
1968,1
1969,6
1970,4
1971,3
1972,6
1973,1
1974,6
1975,3
1976,3
1977,4
1978,6
1979,1
1980,4
1981,4
1982,4
1983,6
1984,4
1985,5
1986,4
1987,3
1988,4
1989,4
1990,4
1991,4
1992,1
1993,6
1994,3
1995,6
1996,4
1997,1
1998,1
1999,5
2000,4
2001,4
2002,6
2003,1
2004,5
2005,1
2006,3
2007,5
2008,1
2009,1
2010,1
2011,4
2012,3
2013,3
2014,4
2015,5
2016,1
2017,1
2018,4
2019,4
2020,4
2021,3
2022,1
2023,1
2024,1
2025,1
2026,1
2027,4
2028,3
2029,1
2030,1
2031,4
2032,4
2033,3
2034,6
2035,4
2036,5
2037,1
2038,4
2039,5
2040,1
2041,3
2042,2
2043,4
2044,6
2045,4
2046,1
2047,3
2048,1
2049,4
2050,6
2051,6
2052,3
2053,6
2054,6
2055,3
2056,6
2057,6
2058,6
2059,3
2060,1
2061,1
2062,4
2063,4
2064,6
2065,4
2066,4
2067,6
2068,1
2069,3
2070,1
2071,4
2072,4
2073,1
2074,1
2075,4
2076,3
2077,1
2078,1
2079,1
2080,1
2081,3
2082,1
2083,3
2084,6
2085,1
2086,1
2087,1
2088,1
2089,1
2090,1
2091,1
2092,3
2093,1
2094,6
2095,4
2096,6
2097,6
2098,6
2099,6
2100,1
2101,3
2102,3
2103,4
2104,4
2105,6
2106,6
2107,6
2108,6
2109,3
2110,3
2111,4
2112,4
2113,3
2114,4
2115,6
2116,3
2117,3
2118,6
2119,4
2120,6
2121,4
2122,4
2123,3
2124,4
2125,1
2126,3
2127,1
2128,6
2129,1
2130,3
2131,1
2132,6
2133,3
2134,1
2135,1
2136,3
2137,1
2138,1
2139,1
2140,6
2141,3
2142,3
2143,6
2144,3
2145,1
2146,1
2147,1
2148,1
2149,4
2150,1
2151,4
2152,3
2153,1
2154,4
2155,1
2156,1
2157,3
2158,4
2159,3
2160,1
2161,4
2162,3
2163,6
2164,6
2165,1
2166,3
2167,3
2168,3
2169,6
2170,1
2171,4
2172,4
2173,1
2174,6
2175,6
2176,3
2177,1
2178,1
2179,3
2180,3
2181,3
2182,3
2183,1
2184,4
2185,4
2186,6
2187,1
2188,4
2189,1
2190,3
2191,3
2192,6
2193,4
2194,3
2195,4
2196,6
2197,6
2198,1
2199,3
2200,3
2201,1
2202,1
2203,4
2204,6
2205,1
2206,1
2207,3
2208,3
2209,1
2210,4
2211,1
2212,4
2213,3
2214,1
2215,1
2216,1
2217,4
2218,4
2219,3
2220,1
2221,1
2222,1
2223,1
2224,1
2225,1
2226,6
2227,1
2228,3
2229,3
2230,3
2231,3
2232,4
2233,4
2234,4
2235,6
2236,6
2237,1
2238,3
2239,1
2240,6
2241,2
2242,4
2243,4
2244,6
2245,4
2246,1
2247,1
2248,3
2249,4
2250,4
2251,6
2252,3
2253,4
2254,6
2255,4
2256,1
2257,1
2258,5
2259,6
2260,3
2261,6
2262,3
2263,3
2264,3
2265,1
2266,6
2267,4
2268,1
2269,4
2270,4
2271,6
2272,4
2273,1
2274,4
2275,6
2276,1
2277,1
2278,1
2279,3
2280,3
2281,1
2282,1
2283,1
2284,1
2285,1
2286,1
2287,4
2288,1
2289,3
2290,3
2291,3
2292,3
2293,3
2294,1
2295,3
2296,1
2297,3
2298,4
2299,3
2300,6
2301,4
2302,4
2303,4
2304,1
2305,6
2306,1
2307,1
2308,1
2309,1
2310,1
2311,1
2312,1
2313,1
2314,1
2315,1
2316,4
2317,3
2318,6
2319,6
2320,3
2321,6
2322,3
2323,6
2324,5
2325,5
2326,6
2327,4
2328,3
2329,6
2330,3
2331,4
2332,4
2333,4
2334,1
2335,3
2336,6
2337,6
2338,1
2339,6
2340,6
2341,1
2342,6
2343,4
2344,6
2345,4
2346,6
2347,3
2348,4
2349,3
2350,4
2351,3
2352,6
2353,1
2354,6
2355,6
2356,2
2357,2
2358,6
2359,4
2360,1
2361,4
2362,4
2363,4
2364,4
2365,1
2366,1
2367,1
2368,4
2369,6
2370,4
2371,3
2372,2
2373,6
2374,2
2375,3
2376,4
2377,3
2378,4
2379,6
2380,4
2381,6
2382,2
2383,4
2384,3
2385,1
2386,1
2387,1
2388,6
2389,1
2390,2
2391,6
2392,2
2393,6
2394,4
2395,4
2396,4
2397,6
2398,4
2399,4
2400,4
2401,1
2402,4
2403,4
2404,4
2405,6
2406,4
2407,6
2408,6
2409,5
2410,3
2411,6
2412,6
2413,1
2414,4
2415,4
2416,4
2417,1
2418,3
2419,1
2420,4
2421,1
2422,4
2423,2
2424,4
2425,1
2426,4
2427,6
2428,3
2429,3
2430,4
2431,3
2432,4
2433,6
2434,4
2435,4
2436,4
2437,4
2438,4
2439,3
2440,6
2441,4
2442,4
2443,4
2444,1
2445,4
2446,1
2447,1
2448,6
2449,4
2450,6
2451,1
2452,3
2453,6
2454,6
2455,6
2456,6
2457,1
2458,3
2459,4
2460,4
2461,3
2462,6
2463,3
2464,1
2465,2
2466,3
2467,4
2468,1
2469,4
2470,4
2471,3
2472,6
2473,6
2474,4
2475,1
2476,1
2477,4
2478,3
2479,4
2480,1
2481,1
2482,3
2483,1
2484,3
2485,1
2486,4
2487,4
2488,4
2489,4
2490,3
2491,4
2492,4
2493,4
2494,1
2495,4
2496,1
2497,1
2498,4
2499,6
2500,4
2501,6
2502,6
2503,3
2504,3
2505,6
2506,6
2507,4
2508,6
2509,1
2510,1
2511,1
2512,1
2513,1
2514,3
2515,4
2516,4
2517,1
2518,3
2519,3
2520,6
2521,6
2522,1
2523,1
2524,6
2525,4
2526,1
2527,4
2528,4
2529,6
2530,3
2531,6
2532,6
2533,3
2534,3
2535,4
2536,6
2537,1
2538,1
2539,4
2540,6
2541,4
2542,4
2543,1
2544,6
2545,3
2546,4
2547,1
2548,1
2549,4
2550,4
2551,6
2552,4
2553,3
2554,6
2555,3
2556,3
2557,3
2558,6
2559,3
2560,6
2561,3
2562,3
2563,4
2564,6
2565,1
2566,6
2567,6
2568,6
2569,1
2570,4
2571,4
2572,6
2573,4
2574,4
2575,6
2576,3
2577,1
2578,1
2579,6
2580,1
2581,6
2582,6
2583,1
2584,6
2585,6
2586,3
2587,6
2588,3
2589,1
2590,3
2591,4
2592,4
2593,6
2594,6
2595,6
2596,6
2597,5
2598,4
2599,6
2600,6
2601,6
2602,6
2603,6
2604,1
2605,1
2606,4
2607,6
2608,6
2609,1
2610,3
2611,1
2612,4
2613,4
2614,6
2615,6
2616,6
2617,6
2618,6
2619,5
2620,6
2621,4
2622,6
2623,3
2624,3
2625,1
2626,1
2627,3
2628,3
2629,3
2630,1
2631,3
2632,1
2633,1
2634,4
2635,4
2636,4
2637,6
2638,3
2639,6
2640,6
2641,6
2642,6
2643,3
2644,3
2645,4
2646,3
2647,1
2648,4
2649,1
2650,4
2651,4
2652,6
2653,4
2654,4
2655,4
2656,3
2657,6
2658,4
2659,1
2660,1
2661,1
2662,1
2663,4
2664,6
2665,6
2666,6
2667,4
2668,3
2669,3
2670,4
2671,3
2672,4
2673,6
2674,3
2675,3
2676,4
2677,4
2678,4
2679,6
2680,4
2681,4
2682,3
2683,1
2684,4
2685,4
2686,1
2687,1
2688,6
2689,4
2690,4
2691,3
2692,4
2693,6
2694,4
2695,4
2696,4
2697,4
2698,3
2699,4
2700,4
2701,4
2702,1
2703,3
2704,6
2705,1
2706,6
2707,1
2708,1
2709,1
2710,4
2711,6
2712,6
2713,1
2714,3
2715,1
2716,1
2717,4
2718,3
2719,6
2720,6
2721,6
2722,3
2723,4
2724,2
2725,2
2726,6
2727,3
2728,3
2729,4
2730,1
2731,5
2732,4
2733,3
2734,1
2735,6
2736,6
2737,5
2738,6
2739,3
2740,4
2741,4
2742,4
2743,4
2744,6
2745,4
2746,3
2747,4
2748,1
2749,3
2750,4
2751,3
2752,3
2753,3
2754,6
2755,3
2756,4
2757,6
2758,3
2759,6
2760,3
2761,4
2762,4
2763,4
2764,3
2765,3
2766,4
2767,4
2768,6
2769,4
2770,4
2771,4
2772,3
2773,4
2774,4
2775,1
2776,1
2777,4
2778,4
2779,4
2780,4
2781,3
2782,3
2783,6
2784,6
2785,4
2786,4
2787,4
2788,1
2789,3
2790,1
2791,1
2792,1
2793,2
2794,6
2795,4
2796,1
2797,6
2798,4
2799,4
2800,6
2801,1
2802,4
2803,3
2804,4
2805,1
2806,1
2807,4
2808,1
2809,1
2810,4
2811,1
2812,6
2813,6
2814,6
2815,3
2816,4
2817,6
2818,6
2819,6
2820,3
2821,3
2822,6
2823,1
2824,1
2825,1
2826,3
2827,6
2828,1
2829,4
2830,1
2831,1
2832,3
2833,3
2834,6
2835,1
2836,4
2837,1
2838,1
2839,6
2840,4
2841,3
2842,4
2843,1
2844,3
2845,1
2846,6
2847,6
2848,1
2849,1
2850,6
2851,1
2852,1
2853,1
2854,3
2855,6
2856,1
2857,1
2858,1
2859,6
2860,1
2861,1
2862,3
2863,1
2864,1
2865,1
2866,1
2867,6
2868,3
2869,6
2870,6
2871,3
2872,3
2873,3
2874,1
2875,5
2876,6
2877,4
2878,2
2879,4
2880,1
2881,3
2882,4
2883,5
2884,2
2885,2
2886,6
2887,1
2888,3
2889,4
2890,3
2891,4
2892,2
2893,4
2894,4
2895,2
2896,2
2897,6
2898,4
2899,4
2900,6
2901,6
2902,6
2903,1
2904,2
2905,2
2906,6
2907,4
2908,6
2909,3
2910,3
2911,3
2912,3
2913,2
2914,6
2915,2
2916,6
2917,4
2918,4
2919,2
2920,4
2921,3
2922,3
2923,3
2924,3
2925,4
2926,3
2927,3
2928,3
2929,3
2930,6
2931,6
2932,4
2933,4
2934,6
2935,4
2936,6
2937,6
2938,6
2939,6
2940,2
2941,4
2942,2
2943,4
2944,2
2945,1
2946,6
2947,4
2948,6
2949,4
2950,1
2951,6
2952,1
2953,3
2954,4
2955,1
2956,4
2957,5
2958,6
2959,1
2960,1
2961,1
2962,1
2963,6
2964,6
2965,1
2966,6
2967,3
2968,1
2969,6
2970,1
2971,2
2972,6
2973,3
2974,3
2975,1
2976,6
2977,6
2978,4
2979,4
2980,4
2981,4
2982,6
2983,4
2984,1
2985,1
2986,1
2987,1
2988,1
2989,6
2990,3
2991,1
2992,6
2993,6
2994,6
2995,1
2996,4
2997,1
2998,3
2999,1
3000,1
3001,1
3002,1
3003,3
3004,4
3005,2
3006,2
3007,1
3008,3
3009,3
3010,6
3011,6
3012,4
3013,1
3014,4
3015,6
3016,3
3017,6
3018,4
3019,4
3020,3
3021,3
3022,3
3023,3
3024,6
3025,4
3026,4
3027,3
3028,6
3029,3
3030,3
3031,6
3032,6
3033,3
3034,1
3035,3
3036,6
3037,1
3038,1
3039,1
3040,6
3041,3
3042,1
3043,3
3044,6
3045,4
3046,3
3047,1
3048,6
3049,1
3050,3
3051,2
3052,3
3053,3
3054,3
3055,3
3056,3
3057,3
3058,1
3059,4
3060,4
3061,4
3062,1
3063,1
3064,3
3065,1
3066,4
3067,4
3068,6
3069,4
3070,4
3071,6
3072,4
3073,4
3074,4
3075,4
3076,5
3077,3
3078,6
3079,6
3080,6
3081,3
3082,6
3083,6
3084,3
3085,6
3086,3
3087,4
3088,6
3089,3
3090,3
3091,6
3092,6
3093,6
3094,1
3095,4
3096,4
3097,4
3098,6
3099,3
3100,6
3101,4
3102,6
3103,6
3104,6
3105,3
3106,3
3107,4
3108,4
3109,6
3110,6
3111,4
3112,6
3113,3
3114,4
3115,3
3116,4
3117,4
3118,1
3119,1
3120,3
3121,4
3122,1
3123,6
3124,6
3125,1
3126,6
3127,4
3128,4
3129,6
3130,6
3131,4
3132,4
3133,4
3134,4
3135,3
3136,4
3137,1
3138,1
3139,1
3140,3
3141,6
3142,4
3143,3
3144,4
3145,6
3146,3
3147,1
3148,3
3149,4
3150,3
3151,6
3152,6
3153,1
3154,3
3155,6
3156,6
3157,4
3158,4
3159,1
3160,3
3161,3
3162,6
3163,1
3164,6
3165,6
3166,4
3167,4
3168,4
3169,4
3170,4
3171,6
3172,4
3173,6
3174,4
3175,4
3176,4
3177,4
3178,4
3179,4
3180,4
3181,4
3182,4
3183,4
3184,6
3185,4
3186,4
3187,4
3188,4
3189,4
3190,4
3191,4
3192,6
3193,4
3194,4
3195,6
3196,6
3197,1
3198,6
3199,1
3200,4
3201,6
3202,4
3203,6
3204,4
3205,1
3206,6
3207,1
3208,6
3209,6
3210,6
3211,6
3212,6
3213,4
3214,6
3215,4
3216,4
3217,1
3218,6
3219,3
3220,6
3221,4
3222,6
3223,1
3224,1
3225,1
3226,4
3227,3
3228,6
3229,6
3230,6
3231,6
3232,6
3233,2
3234,6
3235,3
3236,6
3237,3
3238,1
3239,6
3240,6
3241,6
3242,6
3243,4
3244,4
3245,4
3246,4
3247,4
3248,4
3249,4
3250,4
3251,4
3252,6
3253,4
3254,1
3255,3
3256,4
3257,3
3258,1
3259,6
3260,3
3261,2
3262,1
3263,6
3264,1
3265,1
3266,6
3267,2
3268,4
3269,1
3270,4
3271,2
3272,1
3273,1
3274,6
3275,4
3276,6
3277,5
3278,1
3279,4
3280,3
3281,4
3282,3
3283,1
3284,1
3285,4
3286,3
3287,6
3288,3
3289,3
3290,3
3291,1
3292,6
3293,1
3294,4
3295,5
3296,1
3297,4
3298,4
3299,6
3300,6
3301,3
3302,6
3303,1
3304,6
3305,3
3306,6
3307,1
3308,4
3309,4
3310,4
3311,6
3312,3
3313,4
3314,6
3315,3
3316,1
3317,4
3318,4
3319,6
3320,6
3321,6
3322,6
3323,1
3324,6
3325,6
3326,4
3327,3
3328,6
3329,3
3330,6
3331,6
3332,4
3333,6
3334,6
3335,3
3336,6
3337,3
3338,6
3339,3
3340,3
3341,1
3342,3
3343,3
3344,1
3345,6
3346,6
3347,4
3348,6
3349,1
3350,3
3351,1
3352,4
3353,6
3354,1
3355,3
3356,6
3357,4
3358,1
3359,3
3360,4
3361,3
3362,6
3363,3
3364,3
3365,3
3366,3
3367,1
3368,3
3369,6
3370,3
3371,1
3372,6
3373,6
3374,6
3375,3
3376,6
3377,1
3378,1
3379,3
3380,1
3381,3
3382,3
3383,1
3384,1
3385,4
3386,3
3387,3
3388,4
3389,4
3390,3
3391,3
3392,6
3393,1
3394,4
3395,1
3396,1
3397,2
3398,1
3399,4
3400,6
3401,4
3402,3
3403,6
3404,6
3405,6
3406,6
3407,4
3408,6
3409,6
3410,6
3411,6
3412,6
3413,6
3414,6
3415,3
3416,6
3417,6
3418,6
3419,4
3420,6
3421,3
3422,6
3423,6
3424,1
3425,1
3426,4
3427,4
3428,6
3429,6
3430,1
3431,6
3432,6
3433,4
3434,6
3435,6
3436,4
3437,4
3438,4
3439,4
3440,6
3441,4
3442,4
3443,6
3444,1
3445,1
3446,6
3447,6
3448,4
3449,6
3450,1
3451,3
3452,6
3453,6
3454,6
3455,6
3456,3
3457,6
3458,6
3459,6
3460,6
3461,1
3462,1
3463,4
3464,6
3465,4
3466,4
3467,6
3468,4
3469,4
3470,4
3471,4
3472,6
3473,4
3474,4
3475,1
3476,1
3477,2
3478,6
3479,5
3480,1
3481,1
3482,1
3483,6
3484,6
3485,6
3486,1
3487,2
3488,3
3489,6
3490,2
3491,4
3492,3
3493,3
3494,3
3495,4
3496,2
3497,2
3498,4
3499,6
3500,6
3501,6
3502,4
3503,3
3504,4
3505,6
3506,4
3507,6
3508,4
3509,4
3510,4
3511,4
3512,6
3513,4
3514,4
3515,4
3516,4
3517,6
3518,1
3519,1
3520,1
3521,6
3522,6
3523,4
3524,4
3525,3
3526,4
3527,4
3528,1
3529,2
3530,4
3531,1
3532,6
3533,6
3534,5
3535,4
3536,4
3537,4
3538,4
3539,1
3540,6
3541,6
3542,3
3543,4
3544,1
3545,1
3546,4
3547,4
3548,1
3549,1
3550,1
3551,1
3552,6
3553,6
3554,6
3555,3
3556,1
3557,1
3558,3
3559,3
3560,3
3561,6
3562,3
3563,4
3564,1
3565,4
3566,3
3567,6
3568,4
3569,4
3570,6
3571,4
3572,4
3573,4
3574,4
3575,4
3576,1
3577,1
3578,6
3579,6
3580,6
3581,4
3582,6
3583,1
3584,1
3585,3
3586,4
3587,4
3588,4
3589,6
3590,6
3591,4
3592,4
3593,4
3594,4
3595,4
3596,1
3597,1
3598,1
3599,6
3600,6
3601,4
3602,5
3603,3
3604,3
3605,1
3606,4
3607,3
3608,3
3609,1
3610,4
3611,4
3612,1
3613,4
3614,1
3615,4
3616,4
3617,6
3618,4
3619,4
3620,4
3621,4
3622,4
3623,4
3624,6
3625,6
3626,3
3627,6
3628,1
3629,6
3630,1
3631,3
3632,4
3633,4
3634,6
3635,6
3636,1
3637,4
3638,6
3639,1
3640,4
3641,6
3642,6
3643,6
3644,4
3645,4
3646,4
3647,4
3648,4
3649,1
3650,3
3651,3
3652,3
3653,1
3654,6
3655,4
3656,6
3657,1
3658,3
3659,3
3660,4
3661,3
3662,1
3663,6
3664,1
3665,6
3666,4
3667,4
3668,4
3669,3
3670,4
3671,6
3672,6
3673,4
3674,3
3675,4
3676,4
3677,3
3678,4
3679,3
3680,4
3681,1
3682,4
3683,3
3684,3
3685,3
3686,6
3687,4
3688,3
3689,4
3690,4
3691,4
3692,1
3693,4
3694,3
3695,6
3696,4
3697,1
3698,4
3699,6
3700,1
3701,6
3702,6
3703,3
3704,6
3705,1
3706,3
3707,6
3708,3
3709,6
3710,4
3711,4
3712,1
3713,1
3714,4
3715,4
3716,6
3717,3
3718,6
3719,4
3720,1
3721,4
3722,4
3723,3
3724,6
3725,6
3726,4
3727,1
3728,1
3729,4
3730,6
3731,4
3732,3
3733,1
3734,1
3735,4
3736,1
3737,4
3738,4
3739,3
3740,3
3741,3
3742,1
3743,1
3744,4
3745,6
3746,4
3747,4
3748,1
3749,1
3750,3
3751,6
3752,6
3753,3
3754,3
3755,6
3756,4
3757,6
3758,6
3759,3
3760,3
3761,1
3762,3
3763,3
3764,3
3765,4
3766,3
